機台編號,機台名稱,機台區域,機台狀態註記,人機倍數,機台換線前置時間,lastUpdatedDate
LS-024,切割機,DB1,,1,0,2018/3/1 12:00:00
LS-028,切割機,DB1,,1,0,2018/3/1 12:00:00
LS-029,切割機,DB1,,1,0,2018/3/1 12:00:00
LS-030,切割機,DB1,,1,0,2018/3/1 12:00:00
LS-036,切割機,DB1,,1,0,2018/3/1 12:00:00
LS-037,切割機,DB1,,1,0,2018/3/1 12:00:00
LS-038,切割機,DB1,,1,0,2018/3/1 12:00:00
LS-039,切割機,DB1,,1,0,2018/3/1 12:00:00
LS-040,切割機,DB1,,1,0,2018/3/1 12:00:00
LS-041,切割機,DB1,,1,0,2018/3/1 12:00:00
LS-042,切割機,DB1,,1,0,2018/3/1 12:00:00
LS-043,切割機,DB1,,1,0,2018/3/1 12:00:00
LS-046,切割機,DB1,,1,0,2018/3/1 12:00:00
LS-047,切割機,DB1,,1,0,2018/3/1 12:00:00
LS-048,切割機,DB1,,1,0,2018/3/1 12:00:00
LS-056,切割機,DB1,,1,0,2018/3/1 12:00:00
LS-057,切割機,DB1,,1,0,2018/3/1 12:00:00
LS-059,切割機,DB1,,1,0,2018/3/1 12:00:00
LS-060,切割機,DB1,,1,0,2018/3/1 12:00:00
LS-071,切割機,DB1,,1,0,2018/3/1 12:00:00
LS-072,切割機,DB1,,1,0,2018/3/1 12:00:00
LS-073,切割機,DB1,,1,0,2018/3/1 12:00:00
LS-066,雷射機,DB1,,1,0,2018/3/1 12:00:00
GC-002,磨屑,DB1,,1,0,2018/3/1 12:00:00
GC-008,磨屑,DB1,,1,0,2018/3/1 12:00:00
GC-009,磨屑,DB1,,1,0,2018/3/1 12:00:00
GC-010,清洗機,DB1,,1,0,2018/3/1 12:00:00
GC-050,清洗機,DB1,,1,0,2018/3/1 12:00:00
CR-031,清洗機,DB1,,1,0,2018/3/1 12:00:00
DM-002,染色機,DB1,,1,0,2018/3/1 12:00:00
HA-001,清洗機,DB1,,1,0,2018/3/1 12:00:00
CR-034,清洗機,DB1,,1,0,2018/3/1 12:00:00
AU-001,量測機,DB1,,1,0,2018/3/1 12:00:00
BK-002,塗乳,DB1,,1,0,2018/3/1 12:00:00
BK-003,塗乳,DB1,,1,0,2018/3/1 12:00:00
BK-004,塗乳,DB1,,1,0,2018/3/1 12:00:00
FB-001,壓燒,DB1,,1,0,2018/3/1 12:00:00
FB-002,壓燒,DB1,,1,0,2018/3/1 12:00:00
MS-010,檢驗機,DB1,,1,0,2018/3/1 12:00:00
MS-013,檢驗機,DB1,,1,0,2018/3/1 12:00:00
MS-014,檢驗機,DB1,,1,0,2018/3/1 12:00:00
MS-015,檢驗機,DB1,,1,0,2018/3/1 12:00:00
MS-022,檢驗機,DB1,,1,0,2018/3/1 12:00:00
MS-023,檢驗機,DB1,,1,0,2018/3/1 12:00:00
MS-028,檢驗機,DB1,,1,0,2018/3/1 12:00:00
MS-029,檢驗機,DB1,,1,0,2018/3/1 12:00:00
MS-030,檢驗機,DB1,,1,0,2018/3/1 12:00:00
Clean A,清洗機,D1F,,1,0,2018/3/1 12:00:00
CR-022,清洗機,D1F,,1,0,2018/3/1 12:00:00
CR-046,清洗機,D1F,,1,0,2018/3/1 12:00:00
SP-004,濺鍍機,D1F,,1,0,2018/3/1 12:00:00
SP-005,濺鍍機,D1F,,1,0,2018/3/1 12:00:00
SP-006,濺鍍機,D1F,,1,0,2018/3/1 12:00:00
SP-007,濺鍍機,D1F,,1,0,2018/3/1 12:00:00
DR-001,手動壓膜機,D1F,,1,0,2018/3/1 12:00:00
DR-003,手動壓膜機,D1F,,1,0,2018/3/1 12:00:00
DR-004,自動壓膜機,D1F,,1,0,2018/3/1 12:00:00
DR-005,自動壓膜機,D1F,,1,0,2018/3/1 12:00:00
DR-006,自動壓膜機,D1F,,1,0,2018/3/1 12:00:00
DR-007,自動壓膜機,D1F,,1,0,2018/3/1 12:00:00
EX-004,手動單面曝光機,D1F,,1,0,2018/3/1 12:00:00
EX-006,手動單面曝光機,D1F,,1,0,2018/3/1 12:00:00
EX-002,手動雙面曝光機,D1F,,1,0,2018/3/1 12:00:00
EX-007,手動雙面曝光機,D1F,,1,0,2018/3/1 12:00:00
EX-012,手動雙面曝光機,D1F,,1,0,2018/3/1 12:00:00
EX-015,手動雙面曝光機,D1F,,1,0,2018/3/1 12:00:00
EX-017,手動雙面曝光機,D1F,,1,0,2018/3/1 12:00:00
EX-016,自動雙面曝光機,D1F,,1,0,2018/3/1 12:00:00
EX-018,自動雙面曝光機,D1F,,1,0,2018/3/1 12:00:00
EX-019,自動雙面曝光機,D1F,,1,0,2018/3/1 12:00:00
OV-122,烘箱,D1F,,1,0,2018/3/1 12:00:00
OV-123,烘箱,D1F,,1,0,2018/3/1 12:00:00
OV-146,烘箱,D1F,,1,0,2018/3/1 12:00:00
OV-133,可程式烘箱,D1F,,1,0,2018/3/1 12:00:00
OV-178,可程式烘箱,D1F,,1,0,2018/3/1 12:00:00
DM-004,顯影機,D1F,,1,0,2018/3/1 12:00:00
DM-005,顯影機,D1F,,1,0,2018/3/1 12:00:00
DM-006,顯影機,D1F,,1,0,2018/3/1 12:00:00
PL-024,PTH,D2F,,1,0,2018/3/1 12:00:00
PL-009A,化銅插板機,D2F,,1,0,2018/3/1 12:00:00
PL-009B,化銅插板機,D2F,,1,0,2018/3/1 12:00:00
DK-001,拋光,D4F,,1,0,2018/3/1 12:00:00
DK-002,拋光,D4F,,1,0,2018/3/1 12:00:00
DK-004,拋光,D4F,,1,0,2018/3/1 12:00:00
DK-011,拋光,D4F,,1,0,2018/3/1 12:00:00
DK-003,拋光,D4F,,1,0,2018/3/1 12:00:00
DK-007,拋光,D4F,,1,0,2018/3/1 12:00:00
DK-008,拋光,D4F,,1,0,2018/3/1 12:00:00
DK-009,拋光,D4F,,1,0,2018/3/1 12:00:00
DK-010,拋光,D4F,,1,0,2018/3/1 12:00:00
DK-012,拋光,D4F,,1,0,2018/3/1 12:00:00
ME-004,剝膜A線,D2F,,1,0,2018/3/1 12:00:00
ME-005,剝膜B線,D4F,,1,0,2018/3/1 12:00:00
GP-005,砂帶磨刷A線,D4F,,1,0,2018/3/1 12:00:00
GP-007,砂帶磨刷B線,D4F,,1,0,2018/3/1 12:00:00
SB-001,噴砂機,D2F,,1,0,2018/3/1 12:00:00
ES-001,化學銀,D2F,,1,0,2018/3/1 12:00:00
ME-007,微蝕刻,D4F,,1,0,2018/3/1 12:00:00
PL-010,電鍍鎳金,D2F,,1,0,2018/3/1 12:00:00
PL-014,電鍍鎳金,D2F,,1,0,2018/3/1 12:00:00
PL-016,電鍍鎳金,D2F,,1,0,2018/3/1 12:00:00
PL-002,電鍍銅,D4F,,1,0,2018/3/1 12:00:00
PL-006,電鍍銅,D4F,,1,0,2018/3/1 12:00:00
PL-007,電鍍銅,D4F,,1,0,2018/3/1 12:00:00
PL-011,電鍍銅,D4F,,1,0,2018/3/1 12:00:00
PL-012,電鍍銅,D4F,,1,0,2018/3/1 12:00:00
PL-013,電鍍銅,D4F,,1,0,2018/3/1 12:00:00
PL-015,電鍍銅,D4F,,1,0,2018/3/1 12:00:00
PL-017,電鍍銅,D4F,,1,0,2018/3/1 12:00:00
PL-021I,填孔電鍍銅,D4F,,1,0,2018/3/1 12:00:00
PL-022,電鍍鎳銀,D2F,,1,0,2018/3/1 12:00:00
PL-001,電鍍鎳鈀金,D2F,,1,0,2018/3/1 12:00:00
PL-003,化學鎳/化學鎳金,D2F,,1,0,2018/3/1 12:00:00
PL-018,化學鎳鈀金,D2F,,1,0,2018/3/1 12:00:00
PL-023,化學鎳鈀金,D2F,,1,0,2018/3/1 12:00:00
LS-025,雷射標示,D5F,,1,0,2018/3/1 12:00:00
LS-026,雷射標示,D5F,,1,0,2018/3/1 12:00:00
LS-031,雷射標示,D5F,,1,0,2018/3/1 12:00:00
LS-033,雷射標示,D5F,,1,0,2018/3/1 12:00:00
LS-044,雷射標示,D5F,,1,0,2018/3/1 12:00:00
LS-051,雷射標示,D5F,,1,0,2018/3/1 12:00:00
LS-052,雷射標示,D5F,,1,0,2018/3/1 12:00:00
LS-054,雷射標示,D5F,,1,0,2018/3/1 12:00:00
LS-055,雷射標示,D5F,,1,0,2018/3/1 12:00:00
LS-063,雷射標示,D5F,,1,0,2018/3/1 12:00:00
LS-065,雷射標示,D5F,,1,0,2018/3/1 12:00:00
LS-058,雷射不良品標示,D5F,,1,0,2018/3/1 12:00:00
LS-064,雷射不良品標示,D5F,,1,0,2018/3/1 12:00:00
LS-067,雷射不良品標示,D5F,,1,0,2018/3/1 12:00:00
LS-068,雷射不良品標示,D5F,,1,0,2018/3/1 12:00:00
CR-040,Vigon清洗,D5F,,1,0,2018/3/1 12:00:00
CR-049,Vigon清洗,D5F,,1,0,2018/3/1 12:00:00
FT-055,短斷路電性測試,D5F,,1,0,2018/3/1 12:00:00
FT-057,短斷路電性測試,D5F,,1,0,2018/3/1 12:00:00
FT-066,短斷路電性測試,D5F,,1,0,2018/3/1 12:00:00
FT-072,短斷路電性測試,D5F,,1,0,2018/3/1 12:00:00
FT-077,短斷路電性測試,D5F,,1,0,2018/3/1 12:00:00
FT-079,短斷路電性測試,D5F,,1,0,2018/3/1 12:00:00
FT-083,短斷路電性測試,D5F,,1,0,2018/3/1 12:00:00
FT-084,短斷路電性測試,D5F,,1,0,2018/3/1 12:00:00
FT-087,短斷路電性測試,D5F,,1,0,2018/3/1 12:00:00
FT-088,短斷路電性測試,D5F,,1,0,2018/3/1 12:00:00
FT-089,短斷路電性測試,D5F,,1,0,2018/3/1 12:00:00
FT-076,短斷路電性測試,D5F,,1,0,2018/3/1 12:00:00
FT-078,短斷路電性測試,D5F,,1,0,2018/3/1 12:00:00
FT-081,短斷路電性測試,D5F,,1,0,2018/3/1 12:00:00
FT-091,短斷路電性測試,D5F,,1,0,2018/3/1 12:00:00
FT-092,短斷路電性測試,D5F,,1,0,2018/3/1 12:00:00
FT-044,短斷路電性測試,D5F,,1,0,2018/3/1 12:00:00
FT-056,短斷路電性測試,D5F,,1,0,2018/3/1 12:00:00
FT-086,短斷路電性測試,D5F,,1,0,2018/3/1 12:00:00
FT-093,短斷路電性測試,D5F,,1,0,2018/3/1 12:00:00
LK-004,填洞測漏,D5F,,1,0,2018/3/1 12:00:00
LK-006,填洞測漏,D5F,,1,0,2018/3/1 12:00:00
LK-007,填洞測漏,D5F,,1,0,2018/3/1 12:00:00
LK-008,填洞測漏,D5F,,1,0,2018/3/1 12:00:00
LK-009,填洞測漏,D5F,,1,0,2018/3/1 12:00:00
LK-012,填洞測漏,D5F,,1,0,2018/3/1 12:00:00
LK-013,填洞測漏,D5F,,1,0,2018/3/1 12:00:00
RF-028,成品流焊,D5F,,1,0,2018/3/1 12:00:00
AT-001,尺寸量測,D5F,,1,0,2018/3/1 12:00:00
MS-027,手動單機,D5F,,1,0,2018/3/1 12:00:00
MS-020,自動單機,D5F,,1,0,2018/3/1 12:00:00
MS-026,自動單機,D5F,,1,0,2018/3/1 12:00:00
MS-016,自動2in1,D5F,,1,0,2018/3/1 12:00:00
MS-018,自動2in1,D5F,,1,0,2018/3/1 12:00:00
MS-017,自動2in1,D5F,,1,0,2018/3/1 12:00:00
MS-019,自動2in1,D5F,,1,0,2018/3/1 12:00:00
MS-031,自動2in1,D5F,,1,0,2018/3/1 12:00:00
MS-032,自動2in1,D5F,,1,0,2018/3/1 12:00:00
MS-039,自動2in1,D5F,,1,0,2018/3/1 12:00:00
MS-040,自動2in1,D5F,,1,0,2018/3/1 12:00:00
MK-010,自動3in1,D5F,,1,0,2018/3/1 12:00:00
MK-012,自動3in1,D5F,,1,0,2018/3/1 12:00:00
MK-014,自動3in1,D5F,,1,0,2018/3/1 12:00:00
MK-024,自動3in1,D5F,,1,0,2018/3/1 12:00:00
MK-027,自動3in1,D5F,,1,0,2018/3/1 12:00:00
MK-029,自動3in1,D5F,,1,0,2018/3/1 12:00:00
MK-011,手動單機,D5F,,1,0,2018/3/1 12:00:00
MK-016,手動單機,D5F,,1,0,2018/3/1 12:00:00
MK-018,手動單機,D5F,,1,0,2018/3/1 12:00:00
MK-022,手動單機,D5F,,1,0,2018/3/1 12:00:00
MK-023,手動單機,D5F,,1,0,2018/3/1 12:00:00
MK-034,手動單機,D5F,,1,0,2018/3/1 12:00:00
MK-030,手動單機,D5F,,1,0,2018/3/1 12:00:00
MK-032,手動單機,D5F,,1,0,2018/3/1 12:00:00
IN-001,手動單機,D5F,,1,0,2018/3/1 12:00:00
IN-002,手動單機,D5F,,1,0,2018/3/1 12:00:00
IN-003,手動單機,D5F,,1,0,2018/3/1 12:00:00
IN-004,手動單機,D5F,,1,0,2018/3/1 12:00:00
IN-005,手動單機,D5F,,1,0,2018/3/1 12:00:00
IN-006,手動單機,D5F,,1,0,2018/3/1 12:00:00
IN-007,手動單機,D5F,,1,0,2018/3/1 12:00:00
IN-008,手動單機,D5F,,1,0,2018/3/1 12:00:00
IN-009,手動單機,D5F,,1,0,2018/3/1 12:00:00
IN-010,手動單機,D5F,,1,0,2018/3/1 12:00:00
IN-011,手動單機,D5F,,1,0,2018/3/1 12:00:00
MS-034,手動單機,D5F,,1,0,2018/3/1 12:00:00
MS-041,自動單機,D5F,,1,0,2018/3/1 12:00:00
CR-051,清洗機,D1F,,1,0,2018/3/1 12:00:00
LS-061,後雷射切割 ,DB1,,1,0,2018/3/1 12:00:00
LS-022,後雷射切割 ,DB1,,1,0,2018/3/1 12:00:00
AB-001,增壓筒,B2F,,1,0,2018/3/1 12:00:00
AB-003,增壓筒,B2F,,1,0,2018/3/1 12:00:00
AB-004,增壓筒,B2F,,1,0,2018/3/1 12:00:00
AM-019,裝件機,C2F,,1,0,2018/3/1 12:00:00
AM-021,裝件機,D3F,,1,0,2018/3/1 12:00:00
AM-022,裝件機,C4F,,1,0,2018/3/1 12:00:00
AM-023,裝件機,C2F,,1,0,2018/3/1 12:00:00
AM-024,裝件機,C4F,,1,0,2018/3/1 12:00:00
AM-025,裝件機,C4F,,1,0,2018/3/1 12:00:00
AM-026,裝件機,C4F,,1,0,2018/3/1 12:00:00
BT-002,測試機,B2F,,1,0,2018/3/1 12:00:00
CB-003,切割機,C4F,,1,0,2018/3/1 12:00:00
CC-322,測試機,C4F,,1,0,2018/3/1 12:00:00
CC-323,測試機,C4F,,1,0,2018/3/1 12:00:00
CC-324,測試機,C4F,,1,0,2018/3/1 12:00:00
CC-329,測試機,C4F,,1,0,2018/3/1 12:00:00
CC-336,測試機,C4F,,1,0,2018/3/1 12:00:00
CC-338,測試機,C4F,,1,0,2018/3/1 12:00:00
CC-358,測試機,C4F,,1,0,2018/3/1 12:00:00
CC-394,測試機,B2F,,1,0,2018/3/1 12:00:00
CC-404,測試機,C4F,,1,0,2018/3/1 12:00:00
CC-406,測試機,C4F,,1,0,2018/3/1 12:00:00
CC-407,測試機,B2F,,1,0,2018/3/1 12:00:00
CC-408,測試機,C4F,,1,0,2018/3/1 12:00:00
CC-410,測試機,C4F,,1,0,2018/3/1 12:00:00
CC-424,測試機,B2F IS,,1,0,2018/3/1 12:00:00
CC-425,包裝機,B2F IS,,1,0,2018/3/1 12:00:00
CC-435,測試機,B2F IS,,1,0,2018/3/1 12:00:00
CC-436,測試機,B2F IS,,1,0,2018/3/1 12:00:00
CC-437,測試機,B2F IS,,1,0,2018/3/1 12:00:00
CC-438,測試機,B2F IS,,1,0,2018/3/1 12:00:00
CC-439,測試機,B2F IS,,1,0,2018/3/1 12:00:00
CC-448,測試機,B2F IS,,1,0,2018/3/1 12:00:00
CC-453,測試機,B2F IS,,1,0,2018/3/1 12:00:00
CC-456,測試機,B2F IS,,1,0,2018/3/1 12:00:00
CC-457,測試機,B2F IS,,1,0,2018/3/1 12:00:00
CC-458,測試機,B2F IS,,1,0,2018/3/1 12:00:00
CC-478,測試機,B2F IS,,1,0,2018/3/1 12:00:00
CC-479,測試機,B2F IS,,1,0,2018/3/1 12:00:00
CC-480,測試機,C4F,,1,0,2018/3/1 12:00:00
CC-481,測試機,C4F,,1,0,2018/3/1 12:00:00
CC-482,測試機,C4F,,1,0,2018/3/1 12:00:00
CC-483,測試機,C4F,,1,0,2018/3/1 12:00:00
CC-485,測試機,C4F,,1,0,2018/3/1 12:00:00
CC-486,測試機,C4F,,1,0,2018/3/1 12:00:00
CC-487,測試機,C4F,,1,0,2018/3/1 12:00:00
CC-488,測試機,C4F,,1,0,2018/3/1 12:00:00
CC-489,測試機,C4F,,1,0,2018/3/1 12:00:00
CR-005,清洗機,C2F,,1,0,2018/3/1 12:00:00
CR-015,清洗機,C2F,,1,0,2018/3/1 12:00:00
CR-020,清洗機,C2F,,1,0,2018/3/1 12:00:00
CR-021,清洗機,D3F,,1,0,2018/3/1 12:00:00
CR-023,清洗機,B2F,,1,0,2018/3/1 12:00:00
CR-024,清洗機,C3F,,1,0,2018/3/1 12:00:00
CR-025,清洗機,C3F,,1,0,2018/3/1 12:00:00
CR-026,清洗機,C3F,,1,0,2018/3/1 12:00:00
CR-027,清洗機,C4F,,1,0,2018/3/1 12:00:00
CR-028,清洗機,C4F,,1,0,2018/3/1 12:00:00
CR-029,清洗機,C3F,,1,0,2018/3/1 12:00:00
CR-030,清洗機,B2F,,1,0,2018/3/1 12:00:00
CR-033,清洗機,D3F,,1,0,2018/3/1 12:00:00
CR-035,清洗機,C3F,,1,0,2018/3/1 12:00:00
CR-039,清洗機,C3F,,1,0,2018/3/1 12:00:00
CR-042,清洗機,D3F,,1,0,2018/3/1 12:00:00
CR-043,清洗機,C3F,,1,0,2018/3/1 12:00:00
CR-044,清洗機,B2F,,1,0,2018/3/1 12:00:00
CR-045,清洗機,C3F,,1,0,2018/3/1 12:00:00
DB-009,裝晶機,D3F,,1,0,2018/3/1 12:00:00
DB-011,裝晶機,D3F,,1,0,2018/3/1 12:00:00
DB-032,裝晶機,C3F,,1,0,2018/3/1 12:00:00
DB-034,裝晶機,B2F,,1,0,2018/3/1 12:00:00
DB-035,裝晶機,C3F,,1,0,2018/3/1 12:00:00
DB-036,裝晶機,D3F,,1,0,2018/3/1 12:00:00
DB-042,裝晶機,B2F,,1,0,2018/3/1 12:00:00
DB-043,裝晶機,C3F,,1,0,2018/3/1 12:00:00
DB-045,裝晶機,C3F,,1,0,2018/3/1 12:00:00
DB-046,裝晶機,D3F,,1,0,2018/3/1 12:00:00
DB-049,裝晶機,C3F,,1,0,2018/3/1 12:00:00
DB-050,裝晶機,D3F,,1,0,2018/3/1 12:00:00
DB-051,裝晶機,D3F,,1,0,2018/3/1 12:00:00
DB-052,裝晶機,C3F,,1,0,2018/3/1 12:00:00
DB-053,裝晶機,D3F,,1,0,2018/3/1 12:00:00
DB-054,裝晶機,D3F,,1,0,2018/3/1 12:00:00
DB-055,裝晶機,D3F,,1,0,2018/3/1 12:00:00
DB-056,裝晶機,D3F,,1,0,2018/3/1 12:00:00
DB-057,裝晶機,D3F,,1,0,2018/3/1 12:00:00
DB-058,裝晶機,D3F,,1,0,2018/3/1 12:00:00
DB-059,裝晶機,D3F,,1,0,2018/3/1 12:00:00
DB-061,裝晶機,D3F,,1,0,2018/3/1 12:00:00
DB-063,裝晶機,C3F,,1,0,2018/3/1 12:00:00
DB-064,裝晶機,D3F,,1,0,2018/3/1 12:00:00
DB-066,裝晶機,D3F,,1,0,2018/3/1 12:00:00
DB-067,裝晶機,C3F,,1,0,2018/3/1 12:00:00
DB-068,裝晶機,D3F,,1,0,2018/3/1 12:00:00
DB-069,裝晶機,D3F,,1,0,2018/3/1 12:00:00
DB-070,裝晶機,D3F,,1,0,2018/3/1 12:00:00
DB-071,裝晶機,D3F,,1,0,2018/3/1 12:00:00
DB-072,裝晶機,D3F,,1,0,2018/3/1 12:00:00
DC-004,電漿清洗機,B2F,,1,0,2018/3/1 12:00:00
DC-006,電漿清洗機,D3F,,1,0,2018/3/1 12:00:00
DC-008,電漿清洗機,B2F,,1,0,2018/3/1 12:00:00
DC-009,電漿清洗機,B2F,,1,0,2018/3/1 12:00:00
DC-010,電漿清洗機,C4F,,1,0,2018/3/1 12:00:00
DC-011,電漿清洗機,B2F,,1,0,2018/3/1 12:00:00
DC-013,電漿清洗機,C3F,,1,0,2018/3/1 12:00:00
DC-016,電漿清洗機,B2F,,1,0,2018/3/1 12:00:00
DC-017,電漿清洗機,D3F,,1,0,2018/3/1 12:00:00
DC-018,電漿清洗機,C3F,,1,0,2018/3/1 12:00:00
DP-039,點膠機,D3F,,1,0,2018/3/1 12:00:00
DP-040,點膠機,B2F,,1,0,2018/3/1 12:00:00
DP-041,點膠機,B2F,,1,0,2018/3/1 12:00:00
DP-042,點膠機,B2F,,1,0,2018/3/1 12:00:00
DP-044,點膠機,B2F,,1,0,2018/3/1 12:00:00
DP-046,點膠機,D3F,,1,0,2018/3/1 12:00:00
DP-047,點膠機,C3F,,1,0,2018/3/1 12:00:00
DP-048,點膠機,C3F,,1,0,2018/3/1 12:00:00
DP-053,點膠機,B2F,,1,0,2018/3/1 12:00:00
DP-055,點膠機,D3F,,1,0,2018/3/1 12:00:00
DP-057,點膠機,D3F,,1,0,2018/3/1 12:00:00
DP-059,點膠機,D3F,,1,0,2018/3/1 12:00:00
DP-065,點膠機,C3F,,1,0,2018/3/1 12:00:00
DP-069,點膠機,C3F,,1,0,2018/3/1 12:00:00
DP-070,點膠機,D3F,,1,0,2018/3/1 12:00:00
DP-071,點膠機,D3F,,1,0,2018/3/1 12:00:00
DP-072,點膠機,B2F,,1,0,2018/3/1 12:00:00
DP-073,點膠機,D3F,,1,0,2018/3/1 12:00:00
DP-076,點膠機,D3F,,1,0,2018/3/1 12:00:00
DP-077,點膠機,C3F,,1,0,2018/3/1 12:00:00
EO-049,除靜電氣槍,C3F,,1,0,2018/3/1 12:00:00
EO-082,除靜電氣槍,C3F,,1,0,2018/3/1 12:00:00
FT-035,測試機,C4F,,1,0,2018/3/1 12:00:00
FT-049,測試機,C4F,,1,0,2018/3/1 12:00:00
FT-067,測試機,C4F,,1,0,2018/3/1 12:00:00
FT-082,測試機,C4F,,1,0,2018/3/1 12:00:00
FT-090,測試機,D3F,,1,0,2018/3/1 12:00:00
FT-094,測試機,C4F,,1,0,2018/3/1 12:00:00
FT-095,測試機,C2F,,1,0,2018/3/1 12:00:00
FT-096,測試機,B2F IS,,1,0,2018/3/1 12:00:00
FT-101,測試機,C4F,,1,0,2018/3/1 12:00:00
GE-001,玻璃擴片機Glass expander Machine,C3F,,1,0,2018/3/1 12:00:00
GM-001,玻璃貼片機 Glass Mount Machine,C3F,,1,0,2018/3/1 12:00:00
HM-001,工具顯微鏡,C3F,,1,0,2018/3/1 12:00:00
LB-001,貼片機(load base),D3F,,1,0,2018/3/1 12:00:00
LB-002,貼片機(load base),C3F,,1,0,2018/3/1 12:00:00
LB-003,貼片機(load base),C3F,,1,0,2018/3/1 12:00:00
LF-001,固化爐,C3F,,1,0,2018/3/1 12:00:00
LF-002,固化爐,C3F,,1,0,2018/3/1 12:00:00
LF-003,固化爐,C3F,,1,0,2018/3/1 12:00:00
LF-004,固化爐,C3F,,1,0,2018/3/1 12:00:00
LS-013,雷射機,C4F,,1,0,2018/3/1 12:00:00
LS-019,雷射機,C4F,,1,0,2018/3/1 12:00:00
LS-032,雷射機,C2F IS,,1,0,2018/3/1 12:00:00
LS-074,雷射機,C4F,,1,0,2018/3/1 12:00:00
MD-005,封裝機(Moulding),C2F mold,,1,0,2018/3/1 12:00:00
MD-006,封裝機(Moulding),C2F mold,,1,0,2018/3/1 12:00:00
MK-028,雷射機,C4F,,1,0,2018/3/1 12:00:00
MK-033,點印機,C4F,,1,0,2018/3/1 12:00:00
MK-035,印刷機,C4F,,1,0,2018/3/1 12:00:00
MM-005,測試機,C4F,,1,0,2018/3/1 12:00:00
MM-007,測試機,C4F,,1,0,2018/3/1 12:00:00
MM-008,測試機,C4F,,1,0,2018/3/1 12:00:00
MM-083,測試機,C4F,,1,0,2018/3/1 12:00:00
MM-091,測試機,C4F,,1,0,2018/3/1 12:00:00
MM-108,測試機,C4F,,1,0,2018/3/1 12:00:00
MM-110,測試機,C4F,,1,0,2018/3/1 12:00:00
MM-111,測試機,C4F,,1,0,2018/3/1 12:00:00
MM-113,測試機,C4F,,1,0,2018/3/1 12:00:00
MS-035,AOI,C4F,,1,0,2018/3/1 12:00:00
MS-043,AOI,C3F,,1,0,2018/3/1 12:00:00
MS-044,AOI,C4F,,1,0,2018/3/1 12:00:00
MS-045,AOI,D3F,,1,0,2018/3/1 12:00:00
MS-046,AOI,C4F,,1,0,2018/3/1 12:00:00
OV-040,烘箱,C4F,,1,0,2018/3/1 12:00:00
OV-063,烘箱,D3F DC,,1,0,2018/3/1 12:00:00
OV-068,烘箱,C4F,,1,0,2018/3/1 12:00:00
OV-069,烘箱,C4F,,1,0,2018/3/1 12:00:00
OV-070,烘箱,C4F,,1,0,2018/3/1 12:00:00
OV-071,烘箱,B2F SSA,,1,0,2018/3/1 12:00:00
OV-072,烘箱,B2F SSA,,1,0,2018/3/1 12:00:00
OV-073,烘箱,C4F,,1,0,2018/3/1 12:00:00
OV-074,烘箱,C4F,,1,0,2018/3/1 12:00:00
OV-075,烘箱,C4F,,1,0,2018/3/1 12:00:00
OV-078,烘箱,C4F,,1,0,2018/3/1 12:00:00
OV-079,烘箱,B2F SSA,,1,0,2018/3/1 12:00:00
OV-080,烘箱,D3F 裝晶,,1,0,2018/3/1 12:00:00
OV-081,烘箱,D3F 裝晶,,1,0,2018/3/1 12:00:00
OV-082,烘箱,D3F DC,,1,0,2018/3/1 12:00:00
OV-084,烘箱,C2F SMT,,1,0,2018/3/1 12:00:00
OV-086,烘箱,C2F MOLD,,1,0,2018/3/1 12:00:00
OV-087,烘箱,C2F MOLD,,1,0,2018/3/1 12:00:00
OV-088,烘箱,C2F SMT,,1,0,2018/3/1 12:00:00
OV-089,烘箱,C2F SMT,,1,0,2018/3/1 12:00:00
OV-090,烘箱,D3F DC,,1,0,2018/3/1 12:00:00
OV-091,烘箱,D3F DC,,1,0,2018/3/1 12:00:00
OV-092,烘箱,D3F DC,,1,0,2018/3/1 12:00:00
OV-093,烘箱,D3F DC,,1,0,2018/3/1 12:00:00
OV-094,烘箱,B2F SSA,,1,0,2018/3/1 12:00:00
OV-095,烘箱,D3F DC,,1,0,2018/3/1 12:00:00
OV-096,烘箱,D3F 裝晶,,1,0,2018/3/1 12:00:00
OV-097,烘箱,D3F DC,,1,0,2018/3/1 12:00:00
OV-100,烘箱,D3F DC,,1,0,2018/3/1 12:00:00
OV-101,烘箱,B2F SSA,,1,0,2018/3/1 12:00:00
OV-102,烘箱,B2F SSA,,1,0,2018/3/1 12:00:00
OV-103,烘箱,C4F,,1,0,2018/3/1 12:00:00
OV-105,烘箱,C2F MOLD,,1,0,2018/3/1 12:00:00
OV-106,烘箱,C2F MOLD,,1,0,2018/3/1 12:00:00
OV-107,烘箱,D3F SMT,,1,0,2018/3/1 12:00:00
OV-111,烘箱,D3F DC,,1,0,2018/3/1 12:00:00
OV-112,烘箱,D3F 裝晶,,1,0,2018/3/1 12:00:00
OV-114,烘箱,D3F DC,,1,0,2018/3/1 12:00:00
OV-115,烘箱,D3F DC,,1,0,2018/3/1 12:00:00
OV-116,烘箱,D3F DC,,1,0,2018/3/1 12:00:00
OV-117,烘箱,D3F DC,,1,0,2018/3/1 12:00:00
OV-118,烘箱,D3F DC,,1,0,2018/3/1 12:00:00
OV-119,烘箱,B2F SSA,,1,0,2018/3/1 12:00:00
OV-120,烘箱,B2F SSA,,1,0,2018/3/1 12:00:00
OV-126,烘箱,C3F IS,,1,0,2018/3/1 12:00:00
OV-127,烘箱,C3F IS,,1,0,2018/3/1 12:00:00
OV-128,烘箱,C3F IS,,1,0,2018/3/1 12:00:00
OV-129,烘箱,IS BE,,1,0,2018/3/1 12:00:00
OV-130,烘箱,IS BE,,1,0,2018/3/1 12:00:00
OV-131,烘箱,C3F IS,,1,0,2018/3/1 12:00:00
OV-132,烘箱,D3F DC,,1,0,2018/3/1 12:00:00
OV-134,烘箱,D3F 裝晶,,1,0,2018/3/1 12:00:00
OV-135,烘箱,D3F 裝晶,,1,0,2018/3/1 12:00:00
OV-136,烘箱,D3F 裝晶,,1,0,2018/3/1 12:00:00
OV-137,烘箱,IS BE,,1,0,2018/3/1 12:00:00
OV-138,烘箱,IS BE,,1,0,2018/3/1 12:00:00
OV-139,烘箱,B2F SSA,,1,0,2018/3/1 12:00:00
OV-142,烘箱,B2F SSA,,1,0,2018/3/1 12:00:00
OV-143,烘箱,B2F SSA,,1,0,2018/3/1 12:00:00
OV-144,烘箱,D3F DC,,1,0,2018/3/1 12:00:00
OV-145,烘箱,D3F DC,,1,0,2018/3/1 12:00:00
OV-147,烘箱,C3F IS,,1,0,2018/3/1 12:00:00
OV-150,烘箱,D3F SMT,,1,0,2018/3/1 12:00:00
OV-151,烘箱,C3F IS,,1,0,2018/3/1 12:00:00
OV-158,烘箱,D3F DC,,1,0,2018/3/1 12:00:00
OV-159,烘箱,B2F SSA,,1,0,2018/3/1 12:00:00
OV-160,烘箱,B2F SSA,,1,0,2018/3/1 12:00:00
OV-161,烘箱,D3F 裝晶,,1,0,2018/3/1 12:00:00
OV-162,烘箱,D3F 裝晶,,1,0,2018/3/1 12:00:00
OV-163,烘箱,C3F IS,,1,0,2018/3/1 12:00:00
OV-164,烘箱,D3F 裝晶,,1,0,2018/3/1 12:00:00
OV-165,烘箱,D3F 裝晶,,1,0,2018/3/1 12:00:00
OV-166,烘箱,D3F DC,,1,0,2018/3/1 12:00:00
OV-167,烘箱,D3F DC,,1,0,2018/3/1 12:00:00
OV-168,烘箱,D3F DC,,1,0,2018/3/1 12:00:00
OV-169,烘箱,D3F 裝晶,,1,0,2018/3/1 12:00:00
OV-170,烘箱,D3F 裝晶,,1,0,2018/3/1 12:00:00
OV-171,烘箱,C3F IS,,1,0,2018/3/1 12:00:00
OV-172,烘箱,C3F IS,,1,0,2018/3/1 12:00:00
OV-173,烘箱,C3F IS,,1,0,2018/3/1 12:00:00
OV-177,烘箱,D3F 裝晶,,1,0,2018/3/1 12:00:00
OV-180,烘箱,C3F IS,,1,0,2018/3/1 12:00:00
OV-181,烘箱,C3F IS,,1,0,2018/3/1 12:00:00
OV-183,烘箱,外包廠(ABC),,1,0,2018/3/1 12:00:00
OV-184,烘箱,外包廠(ABC),,1,0,2018/3/1 12:00:00
OV-189,烘箱,C3F IS,,1,0,2018/3/1 12:00:00
PG-008,測試機,C4F,,1,0,2018/3/1 12:00:00
PK-003,包裝機,C4F,,1,0,2018/3/1 12:00:00
PS-031,測試機,C4F,,1,0,2018/3/1 12:00:00
PT-091,印刷機,B2F,,1,0,2018/3/1 12:00:00
PT-093,印刷機,B2F,,1,0,2018/3/1 12:00:00
PT-097,印刷機,C4F,,1,0,2018/3/1 12:00:00
PT-107,印刷機,D3F,,1,0,2018/3/1 12:00:00
PT-109,印刷機,C2F,,1,0,2018/3/1 12:00:00
PT-112,印刷機,C2F,,1,0,2018/3/1 12:00:00
PT-115,印刷機,D3F,,1,0,2018/3/1 12:00:00
PT-116,印刷機,D3F,,1,0,2018/3/1 12:00:00
PT-099,印刷機,,,1,0,2018/3/1 12:00:00
PT-101,印刷機,,,1,0,2018/3/1 12:00:00
PT-102,印刷機,,,1,0,2018/3/1 12:00:00
PT-108,印刷機,,,1,0,2018/3/1 12:00:00
RF-013,流焊爐,D3F,,1,0,2018/3/1 12:00:00
RF-015,流焊爐,C2F,,1,0,2018/3/1 12:00:00
RF-021,流焊爐,D3F,,1,0,2018/3/1 12:00:00
RF-022,流焊爐,C4F,,1,0,2018/3/1 12:00:00
RF-025,流焊爐,D3F,,1,0,2018/3/1 12:00:00
RF-027,流焊爐,D3F,,1,0,2018/3/1 12:00:00
SA-002,基板剝片機,B2F,,1,0,2018/3/1 12:00:00
SI-005,貼片機,C4F,,1,0,2018/3/1 12:00:00
SW-010,切割機,C4F,,1,0,2018/3/1 12:00:00
SW-011,切割機,C4F,,1,0,2018/3/1 12:00:00
SW-012,切割機,B2F,,1,0,2018/3/1 12:00:00
SW-013,切割機,C4F,,1,0,2018/3/1 12:00:00
SW-015,切割機,C4F,,1,0,2018/3/1 12:00:00
SW-016,切割機,C4F,,1,0,2018/3/1 12:00:00
SW-019,切割機,C4F,,1,0,2018/3/1 12:00:00
SW-020,切割機,C4F,,1,0,2018/3/1 12:00:00
SW-023,切割機,B2F,,1,0,2018/3/1 12:00:00
SW-024,切割機,C3F,,1,0,2018/3/1 12:00:00
SW-025,切割機,B2F,,1,0,2018/3/1 12:00:00
SW-026,切割機,C4F,,1,0,2018/3/1 12:00:00
SW-027,切割機,B2F,,1,0,2018/3/1 12:00:00
SW-028,切割機,C4F,,1,0,2018/3/1 12:00:00
SW-029,切割機,C4F,,1,0,2018/3/1 12:00:00
SW-030,切割機,B2F,,1,0,2018/3/1 12:00:00
SW-031,切割機,C4F,,1,0,2018/3/1 12:00:00
SW-032,切割機,C4F,,1,0,2018/3/1 12:00:00
TR-001,包裝機,C4F,,1,0,2018/3/1 12:00:00
TR-002,包裝機,C4F,,1,0,2018/3/1 12:00:00
TR-003,包裝機,C4F,,1,0,2018/3/1 12:00:00
TS-008,溫度循環櫃,C4F,,1,0,2018/3/1 12:00:00
TT-001,測試機,C2F,,1,0,2018/3/1 12:00:00
UV-003,UV乾燥機,C3F,,1,0,2018/3/1 12:00:00
UV-004,UV乾燥機,C3F,,1,0,2018/3/1 12:00:00
UV-009,UV乾燥機,C3F,,1,0,2018/3/1 12:00:00
UV-011,UV乾燥機,D3F,,1,0,2018/3/1 12:00:00
VA-001,封蓋機,C3F,,1,0,2018/3/1 12:00:00
VA-002,封蓋機,C3F,,1,0,2018/3/1 12:00:00
VA-005,封蓋機,C3F,,1,0,2018/3/1 12:00:00
WA-001,晶片貼片機,B2F,,1,0,2018/3/1 12:00:00
WB-065,打線機,D3F,,1,0,2018/3/1 12:00:00
WB-066,打線機,D3F,,1,0,2018/3/1 12:00:00
WB-073,打線機,D3F,,1,0,2018/3/1 12:00:00
WB-074,打線機,D3F,,1,0,2018/3/1 12:00:00
WB-076,打線機,D3F,,1,0,2018/3/1 12:00:00
WB-077,打線機,D3F,,1,0,2018/3/1 12:00:00
WB-080,打線機,D3F,,1,0,2018/3/1 12:00:00
WB-082,打線機,C3F,,1,0,2018/3/1 12:00:00
WB-084,打線機,B2F,,1,0,2018/3/1 12:00:00
WB-088,打線機,C3F,,1,0,2018/3/1 12:00:00
WB-089,打線機,C3F,,1,0,2018/3/1 12:00:00
WB-090,打線機,C3F,,1,0,2018/3/1 12:00:00
WB-095,打線機,C3F,,1,0,2018/3/1 12:00:00
WB-096,打線機,C3F,,1,0,2018/3/1 12:00:00
WB-097,打線機,D3F,,1,0,2018/3/1 12:00:00
WB-100,打線機,D3F,,1,0,2018/3/1 12:00:00
WB-102,打線機,D3F,,1,0,2018/3/1 12:00:00
WB-103,打線機,D3F,,1,0,2018/3/1 12:00:00
WB-104,打線機,B2F,,1,0,2018/3/1 12:00:00
WB-105,打線機,D3F,,1,0,2018/3/1 12:00:00
WB-108,打線機,D3F,,1,0,2018/3/1 12:00:00
WB-110,打線機,C3F,,1,0,2018/3/1 12:00:00
WB-111,打線機,C3F,,1,0,2018/3/1 12:00:00
WB-112,打線機,B2F,,1,0,2018/3/1 12:00:00
WB-114,打線機,C3F,,1,0,2018/3/1 12:00:00
WB-115,打線機,D3F,,1,0,2018/3/1 12:00:00
WB-118,打線機,D3F,,1,0,2018/3/1 12:00:00
XV-003,X光檢驗機,D3F,,1,0,2018/3/1 12:00:00
NONE,虛擬機台,,,1,0,2018/3/1 12:00:00
by-man,by-man,,,1,0,2018/3/1 12:00:00
DBCDBC,DBCDBC,,,1,0,2018/3/1 12:00:00
outout,outout,,,1,0,2018/3/1 12:00:00
